Epoch: 0
Sim_Confusion_Matrix for Pseudo Label
4219.81 708.13 245.68 80.68 62.30 24.03 16.39 24.28 62.26 18.44
1489.48 4105.93 102.46 83.86 44.98 29.95 22.20 28.39 40.06 23.69
2403.77 679.96 1572.45 580.34 529.10 217.85 155.50 91.22 43.65 31.16
1615.86 903.29 1055.52 1142.65 396.90 396.37 167.12 129.53 34.76 36.01
977.48 434.27 895.50 406.43 387.39 170.76 125.90 68.97 19.87 17.44
544.60 302.74 378.30 426.84 148.05 155.93 58.14 53.61 12.57 13.23
258.64 193.63 330.61 196.29 136.42 75.68 63.30 27.98 6.25 7.21
235.94 168.16 111.75 96.58 56.45 39.32 20.59 24.87 5.63 5.72
324.09 85.08 14.77 5.72 3.75 1.62 1.13 2.11 6.80 1.92
89.21 150.41 10.33 9.90 4.62 3.13 2.20 3.18 2.92 2.09
